M = [ 2 3 4 5 ; 1 4 7 9 ;  2 3 4 5 ; 5 9 6 4 ]
M1 = M(:,3)
M2 = M(2,:)
M3 = M(:, 2:3)
M4 = M(:, 2:4)
